2 0.000726
12 0.00072
22 0.000753
32 0.000846
42 0.000845
52 0.00086
62 0.000846
72 0.001041
82 0.001043
92 0.001056
102 0.001043
112 0.001048
122 0.001061
132 0.001453
142 0.001444
152 0.001453
162 0.001436
172 0.001439
182 0.00145
192 0.001422
202 0.001436
212 0.001433
222 0.001437
232 0.001437
242 0.001448
252 0.001435
262 0.002253
272 0.002246
282 0.002248
292 0.002241
302 0.002234
312 0.002234
322 0.00224
332 0.002237
342 0.002236
352 0.002261
362 0.002247
372 0.002231
382 0.002236
392 0.002234
402 0.002235
412 0.002236
422 0.002242
432 0.002234
442 0.002263
452 0.002248
462 0.002225
472 0.002235
482 0.002224
492 0.002241
502 0.002265
512 0.003838