2 0.727643
12 4e-05
22 2.9e-05
32 4.2e-05
42 4.3e-05
52 4.3e-05
62 4.3e-05
72 8.2e-05
82 7.2e-05
92 7e-05
102 7e-05
112 7.1e-05
122 7e-05
132 0.00013
142 0.000128
152 0.000136
162 0.000128
172 0.000126
182 0.000126
192 0.000126
202 0.000126
212 0.000126
222 0.000127
232 0.000126
242 0.000129
252 0.000126
262 0.000239
272 0.00024
282 0.000241
292 0.00024
302 0.000239
312 0.00024
322 0.000239
332 0.000239
342 0.000239
352 0.000239
362 0.000244
372 0.000242
382 0.000245
392 0.000252
402 0.000246
412 0.000241
422 0.00024
432 0.000239
442 0.000239
452 0.00024
462 0.000239
472 0.000239
482 0.000239
492 0.000239
502 0.000239
512 0.00047