2 1.072
12 0.399063
22 0.277798
32 0.214948
42 0.215405
52 0.213514
62 0.214496
72 0.17671
82 0.176143
92 0.176309
102 0.176254
112 0.1763
122 0.175575
132 0.144371
142 0.144683
152 0.144708
162 0.144532
172 0.143475
182 0.143728
192 0.144557
202 0.144755
212 0.144712
222 0.144683
232 0.144655
242 0.144596
252 0.144716
262 0.130181
272 0.129891
282 0.129978
292 0.130106
302 0.13047
312 0.130037
322 0.129945
332 0.130015
342 0.129905
352 0.130084
362 0.129822
372 0.130067
382 0.129921
392 0.130018
402 0.129657
412 0.130201
422 0.130489
432 0.131132
442 0.130506
452 0.130562
462 0.130502
472 0.130819
482 0.130964
492 0.130801
502 0.12993
512 0.124495