2 1.01224
12 0.336309
22 0.223042
32 0.165697
42 0.166369
52 0.165904
62 0.166079
72 0.135689
82 0.136293
92 0.135499
102 0.134616
112 0.135508
122 0.135437
132 0.121256
142 0.121406
152 0.120754
162 0.1211
172 0.12112
182 0.121675
192 0.120842
202 0.121076
212 0.12072
222 0.121062
232 0.121753
242 0.12222
252 0.121327
262 0.114492
272 0.115859
282 0.115931
292 0.11515
302 0.115495
312 0.115645
322 0.115532
332 0.115689
342 0.115307
352 0.115054
362 0.1155
372 0.116189
382 0.115604
392 0.114934
402 0.115642
412 0.115455
422 0.115189
432 0.114856
442 0.116087
452 0.115885
462 0.116363
472 0.11591
482 0.115344
492 0.115869
502 0.115739
512 0.113342