2 0.959767
12 0.336724
22 0.237382
32 0.18998
42 0.190035
52 0.19071
62 0.190876
72 0.169512
82 0.169483
92 0.168676
102 0.169713
112 0.169111
122 0.168545
132 0.16221
142 0.161719
152 0.162006
162 0.162097
172 0.162274
182 0.162056
192 0.161914
202 0.162769
212 0.162339
222 0.162369
232 0.162175
242 0.161103
252 0.16134
262 0.161092
272 0.161014
282 0.161118
292 0.161042
302 0.161121
312 0.161055
322 0.161117
332 0.161361
342 0.16108
352 0.161241
362 0.161139
372 0.161405
382 0.161125
392 0.161071
402 0.160636
412 0.161061
422 0.160261
432 0.161908
442 0.161685
452 0.161952
462 0.161959
472 0.162027
482 0.16328
492 0.162686
502 0.161655
512 0.165886