2 1.11194
12 0.426663
22 0.305675
32 0.241828
42 0.24141
52 0.241197
62 0.241906
72 0.203457
82 0.203192
92 0.203341
102 0.202976
112 0.203311
122 0.203492
132 0.171345
142 0.172614
152 0.172487
162 0.172232
172 0.17226
182 0.172334
192 0.172647
202 0.172313
212 0.172575
222 0.172412
232 0.172456
242 0.172535
252 0.173438
262 0.143245
272 0.143573
282 0.143809
292 0.143347
302 0.143314
312 0.144039
322 0.143683
332 0.143366
342 0.143831
352 0.143234
362 0.143166
372 0.14348
382 0.14309
392 0.143425
402 0.143145
412 0.143226
422 0.141441
432 0.142799
442 0.14158
452 0.142917
462 0.142643
472 0.142765
482 0.143159
492 0.142682
502 0.142903
512 0.129244