2 1.04137
12 0.361662
22 0.242098
32 0.178377
42 0.178651
52 0.177837
62 0.17755
72 0.145295
82 0.14557
92 0.145114
102 0.145249
112 0.14516
122 0.145478
132 0.128777
142 0.129587
152 0.12991
162 0.129797
172 0.129646
182 0.12972
192 0.129501
202 0.130058
212 0.129391
222 0.129967
232 0.130531
242 0.130534
252 0.130512
262 0.122884
272 0.122824
282 0.122482
292 0.117301
302 0.121022
312 0.121335
322 0.122514
332 0.122452
342 0.122579
352 0.121982
362 0.121687
372 0.121849
382 0.122966
392 0.121561
402 0.122848
412 0.122236
422 0.123088
432 0.122692
442 0.122603
452 0.122387
462 0.122667
472 0.120601
482 0.121958
492 0.121456
502 0.121756
512 0.119024