2 0.958406
12 0.317984
22 0.2119
32 0.160766
42 0.161099
52 0.16108
62 0.161074
72 0.136247
82 0.136536
92 0.135512
102 0.135454
112 0.133769
122 0.135432
132 0.124732
142 0.124655
152 0.124648
162 0.125368
172 0.124784
182 0.12484
192 0.12475
202 0.124636
212 0.124513
222 0.124619
232 0.125474
242 0.124848
252 0.124787
262 0.120201
272 0.121516
282 0.121397
292 0.121608
302 0.121331
312 0.121512
322 0.122607
332 0.121415
342 0.121666
352 0.122135
362 0.122165
372 0.122417
382 0.121672
392 0.122301
402 0.122502
412 0.123861
422 0.121924
432 0.121775
442 0.122135
452 0.122874
462 0.122178
472 0.12206
482 0.122466
492 0.122002
502 0.12199
512 0.121262