2 1.15282
12 0.461723
22 0.337805
32 0.274946
42 0.274614
52 0.274829
62 0.275782
72 0.237739
82 0.2368
92 0.237522
102 0.237547
112 0.237305
122 0.236699
132 0.205714
142 0.20531
152 0.205873
162 0.20561
172 0.217629
182 0.2117
192 0.211624
202 0.205661
212 0.205265
222 0.205298
232 0.205224
242 0.205468
252 0.205191
262 0.175662
272 0.176263
282 0.175213
292 0.175717
302 0.175456
312 0.176147
322 0.175922
332 0.176255
342 0.175586
352 0.175632
362 0.175538
372 0.175161
382 0.175995
392 0.175977
402 0.177077
412 0.177652
422 0.176724
432 0.176829
442 0.176257
452 0.175933
462 0.176913
472 0.176694
482 0.17646
492 0.176103
502 0.176757
512 0.146534