2 1.04907
12 0.374269
22 0.254392
32 0.190758
42 0.190378
52 0.190889
62 0.19078
72 0.153299
82 0.153394
92 0.153178
102 0.152825
112 0.152791
122 0.153596
132 0.134709
142 0.133961
152 0.133664
162 0.13489
172 0.134256
182 0.134658
192 0.133994
202 0.134821
212 0.133533
222 0.134128
232 0.134339
242 0.134369
252 0.133572
262 0.125411
272 0.124484
282 0.125361
292 0.124867
302 0.125159
312 0.124917
322 0.125274
332 0.124979
342 0.125329
352 0.125033
362 0.124942
372 0.125004
382 0.125169
392 0.124832
402 0.125286
412 0.124948
422 0.12526
432 0.123742
442 0.125298
452 0.125129
462 0.125257
472 0.124985
482 0.125398
492 0.124946
502 0.125019
512 0.12209