2 0.977865
12 0.312644
22 0.204296
32 0.149944
42 0.150697
52 0.150054
62 0.150798
72 0.122864
82 0.122497
92 0.123753
102 0.123803
112 0.122809
122 0.123522
132 0.110372
142 0.110536
152 0.110194
162 0.111461
172 0.110283
182 0.110624
192 0.108951
202 0.11088
212 0.109396
222 0.110608
232 0.10915
242 0.109737
252 0.10857
262 0.105393
272 0.10592
282 0.106175
292 0.106184
302 0.106126
312 0.10545
322 0.106011
332 0.105396
342 0.106688
352 0.106789
362 0.105856
372 0.106754
382 0.105907
392 0.106054
402 0.106753
412 0.104515
422 0.106532
432 0.105546
442 0.106246
452 0.105953
462 0.106556
472 0.105596
482 0.106093
492 0.105577
502 0.106086
512 0.105021